21000,100014
21000,100003
21000,100035
21000,100031
21000,100028
21000,100017
21000,100013
21000,100086
21000,100069
21000,100011
21000,100075
21000,100054
21000,100004
21000,100027
21000,100029
21000,100064
21000,100077
21000,100071
21000,100025
21000,100083
21001,100053
21001,100028
21001,100057
21001,100075
21001,100035
21001,100000
21001,100020
21001,100089
21001,100054
21001,100043
21001,100019
21001,100027
21001,100013
21001,100011
21001,100048
21001,100012
21001,100045
21001,100044
21002,100033
21002,100005
21002,100058
21002,100068
21002,100015
21002,100048
21002,100010
21002,100070
21002,100037
21002,100080
21002,100079
21002,100046
21002,100073
21002,100024
21002,100090
21002,100008
21002,100084
21002,100029
21002,100012
21003,100035
21003,100058
21003,100081
21003,100046
21003,100020
21003,100047
21003,100045
21003,100026
21003,100085
21003,100034
21003,100089
21003,100087
21003,100082
21003,100009
21003,100077
21003,100021
21004,100031
21004,100020
21004,100059
21004,100048
21004,100034
21004,100081
21004,100088
21004,100071
21004,100028
21004,100087
21004,100041
21004,100007
21004,100029
21004,100004
21004,100040
21004,100051
21004,100008
21004,100027
21005,100040
21005,100027
21005,100083
21005,100063
21005,100050
21005,100082
21005,100058
21005,100018
21005,100033
21005,100017
21005,100031
21005,100071
21005,100068
21005,100074
21005,100054
21005,100051
21005,100046
21005,100028
21005,100065
21006,100011
21006,100006
21006,100014
21006,100019
21006,100080
21006,100020
21006,100087
21006,100054
21006,100076
21006,100008
21006,100049
21006,100048
21006,100059
21006,100067
21006,100032
21006,100070
21006,100001
21007,100014
21007,100087
21007,100068
21007,100034
21007,100082
21007,100043
21007,100037
21007,100055
21007,100020
21007,100058
21007,100000
21007,100033
21007,100064
21007,100022
21007,100013
21007,100080
21007,100038
21007,100081
21007,100077
21007,100025
21008,100047
21008,100020
21008,100069
21008,100067
21008,100000
21008,100076
21008,100041
21008,100062
21008,100002
21008,100014
21008,100046
21008,100039
21009,100007
21009,100030
21009,100072
21009,100010
21009,100062
21009,100008
21009,100068
21009,100016
21009,100084
21009,100060
21009,100070
21009,100021
21009,100033
21010,100077
21010,100054
21010,100027
21010,100069
21010,100088
21010,100025
21010,100039
21010,100051
21010,100085
21010,100083
21010,100047
21010,100056
21010,100066
21010,100057
21010,100015
21010,100031
21010,100028
21010,100008
21011,100002
21011,100075
21011,100070
21011,100029
21011,100028
21011,100000
21011,100009
21011,100090
21011,100080
21011,100007
21011,100008
21011,100004
21011,100042
21011,100065
21011,100030
21012,100085
21012,100062
21012,100027
21012,100069
21012,100016
21012,100073
21012,100060
21012,100031
21012,100052
21012,100024
21012,100012
21012,100084
21012,100055
21012,100045
21013,100052
21013,100059
21013,100006
21013,100086
21013,100083
21013,100082
21013,100012
21013,100007
21013,100051
21013,100043
21013,100013
21013,100031
21013,100024
21013,100068
21013,100057
21013,100017
21014,100023
21014,100035
21014,100059
21014,100031
21014,100009
21014,100056
21014,100070
21014,100012
21014,100006
21014,100083
21014,100069
21014,100001
21014,100011
21014,100030
21014,100021
21014,100052
21015,100061
21015,100027
21015,100051
21015,100007
21015,100021
21015,100048
21015,100000
21015,100049
21015,100033
21015,100058
21015,100036
21015,100054
21015,100089
21015,100071
21015,100084
21015,100062
21015,100019
21016,100037
21016,100027
21016,100007
21016,100074
21016,100069
21016,100040
21016,100006
21016,100061
21016,100064
21016,100067
21016,100020
21016,100065
21016,100010
21017,100008
21017,100076
21017,100086
21017,100030
21017,100051
21017,100015
21017,100072
21017,100031
21017,100074
21017,100005
21017,100079
21017,100010
21018,100084
21018,100074
21018,100072
21018,100066
21018,100040
21018,100033
21018,100026
21018,100085
21018,100030
21018,100050
21018,100016
21018,100082
21018,100038
21018,100058
21018,100009
21018,100001
21019,100079
21019,100072
21019,100012
21019,100009
21019,100068
21019,100027
21019,100064
21019,100033
21019,100016
21019,100044
21019,100008
21019,100031
21019,100047
21019,100036
21019,100020
21019,100056
21019,100069
21020,100078
21020,100083
21020,100067
21020,100001
21020,100085
21020,100070
21020,100038
21020,100084
21020,100013
21020,100017
21020,100033
21020,100014
21020,100019
21020,100034
21021,100077
21021,100026
21021,100043
21021,100087
21021,100081
21021,100033
21021,100064
21021,100062
21021,100032
21021,100006
21021,100011
21021,100054
21021,100035
21021,100005
21022,100042
21022,100016
21022,100081
21022,100033
21022,100020
21022,100056
21022,100070
21022,100090
21022,100054
21022,100071
21023,100014
21023,100009
21023,100088
21023,100019
21023,100069
21023,100004
21023,100047
21023,100074
21023,100070
21023,100018
21024,100016
21024,100005
21024,100039
21024,100046
21024,100045
21024,100026
21024,100087
21024,100031
21024,100085
21024,100013
21024,100071
21024,100052
21024,100079
21024,100019
21024,100030
21024,100020
21025,100052
21025,100003
21025,100022
21025,100042
21025,100085
21025,100031
21025,100034
21025,100020
21025,100089
21025,100013
21025,100048
21025,100004
21026,100028
21026,100025
21026,100058
21026,100044
21026,100039
21026,100029
21026,100003
21026,100084
21026,100024
21026,100051
21026,100042
21026,100035
21026,100008
21026,100082
21026,100065
21026,100086
21026,100068
21027,100003
21027,100014
21027,100033
21027,100022
21027,100074
21027,100004
21027,100013
21027,100076
21027,100055
21027,100044
21027,100040
21027,100077
21027,100065
21027,100049
21027,100073
21028,100032
21028,100005
21028,100090
21028,100055
21028,100000
21028,100066
21028,100068
21028,100087
21028,100085
21028,100025
21028,100046
21028,100008
21028,100042
21029,100040
21029,100084
21029,100015
21029,100038
21029,100064
21029,100039
21029,100085
21029,100052
21029,100041
21029,100051
21029,100089
21029,100037
21029,100070
21029,100016
21029,100024
21029,100053
21029,100048
21029,100086
21029,100022
21030,100072
21030,100038
21030,100051
21030,100070
21030,100000
21030,100036
21030,100026
21030,100055
21030,100074
21030,100077
21030,100083
21030,100041
21030,100059
21030,100056
21030,100086
21030,100027
21030,100065
21030,100060
21030,100021
21031,100010
21031,100036
21031,100065
21031,100084
21031,100081
21031,100079
21031,100042
21031,100011
21031,100030
21031,100086
21031,100039
21031,100028
21031,100025
21031,100018
21031,100003
21031,100005
21031,100031
21031,100060
21031,100078
21031,100009
21032,100053
21032,100080
21032,100073
21032,100024
21032,100089
21032,100049
21032,100063
21032,100051
21032,100031
21032,100018
21032,100083
21032,100088
21032,100000
21032,100013
21032,100054
21032,100028
21032,100022
21033,100059
21033,100006
21033,100071
21033,100031
21033,100015
21033,100058
21033,100017
21033,100085
21033,100067
21033,100076
21033,100040
21033,100056
21033,100078
21033,100064
21033,100054
21033,100070
21033,100057
21033,100020
21034,100057
21034,100033
21034,100031
21034,100081
21034,100035
21034,100066
21034,100062
21034,100080
21034,100030
21034,100056
21034,100009
21034,100036
21034,100034
21034,100042
21034,100040
21034,100069
21034,100010
21035,100019
21035,100029
21035,100049
21035,100088
21035,100090
21035,100027
21035,100008
21035,100053
21035,100052
21035,100042
21035,100069
21035,100059
21036,100007
21036,100026
21036,100053
21036,100049
21036,100074
21036,100089
21036,100002
21036,100073
21036,100048
21036,100061
21036,100000
21036,100045
21036,100038
21036,100068
21036,100069
21036,100077
21037,100062
21037,100028
21037,100034
21037,100055
21037,100003
21037,100049
21037,100043
21037,100085
21037,100086
21037,100051
21037,100021
21037,100059
21037,100016
21038,100068
21038,100003
21038,100050
21038,100075
21038,100072
21038,100084
21038,100010
21038,100082
21038,100054
21038,100017
21038,100059
21038,100023
21038,100006
21038,100033
21038,100048
21038,100041
21038,100027
21038,100058
21038,100043
21039,100035
21039,100053
21039,100032
21039,100010
21039,100060
21039,100002
21039,100069
21039,100006
21039,100044
21039,100028
21039,100083
21039,100008
21039,100005
21039,100003
21039,100031
21039,100025
21040,100079
21040,100019
21040,100030
21040,100016
21040,100060
21040,100085
21040,100014
21040,100072
21040,100027
21040,100059
21041,100047
21041,100021
21041,100077
21041,100014
21041,100020
21041,100039
21041,100013
21041,100074
21041,100003
21041,100073
21041,100086
21041,100048
21041,100050
21041,100025
21042,100075
21042,100088
21042,100080
21042,100031
21042,100013
21042,100089
21042,100038
21042,100087
21042,100076
21042,100015
21042,100072
21043,100044
21043,100068
21043,100054
21043,100084
21043,100047
21043,100008
21043,100064
21043,100082
21043,100043
21043,100001
21044,100062
21044,100013
21044,100055
21044,100046
21044,100081
21044,100058
21044,100090
21044,100019
21044,100022
21044,100066
21044,100083
21044,100034
21044,100078
21044,100068
21044,100061
21044,100059
21045,100075
21045,100034
21045,100041
21045,100031
21045,100011
21045,100035
21045,100057
21045,100059
21045,100072
21045,100078
21045,100085
21045,100048
21045,100043
21045,100003
21045,100063
21045,100023
21046,100027
21046,100045
21046,100033
21046,100043
21046,100035
21046,100076
21046,100089
21046,100071
21046,100001
21046,100066
21046,100024
21046,100010
21046,100030
21046,100052
21046,100062
21046,100088
21046,100060
21047,100062
21047,100057
21047,100002
21047,100011
21047,100037
21047,100028
21047,100051
21047,100088
21047,100031
21047,100039
21047,100084
21047,100074
21047,100047
21047,100060
21047,100070
21047,100067
21047,100044
21047,100054
21047,100042
21047,100045
21048,100034
21048,100039
21048,100032
21048,100029
21048,100015
21048,100024
21048,100040
21048,100068
21048,100088
21048,100023
21048,100027
21048,100061
21048,100035
21048,100075
21048,100067
21048,100076
21048,100036
21049,100024
21049,100037
21049,100029
21049,100046
21049,100022
21049,100038
21049,100001
21049,100090
21049,100068
21049,100016
21049,100035
21050,100006
21050,100070
21050,100037
21050,100089
21050,100016
21050,100081
21050,100062
21050,100013
21050,100001
21050,100073
21051,100060
21051,100061
21051,100056
21051,100043
21051,100023
21051,100006
21051,100032
21051,100014
21051,100008
21051,100051
21051,100062
21051,100009
21051,100073
21051,100080
21052,100006
21052,100019
21052,100072
21052,100038
21052,100010
21052,100031
21052,100015
21052,100071
21052,100053
21052,100077
21052,100076
21052,100079
21052,100028
21052,100066
21052,100048
21052,100057
21052,100056
21052,100075
21052,100054
21052,100039
21053,100079
21053,100007
21053,100078
21053,100012
21053,100026
21053,100080
21053,100027
21053,100033
21053,100084
21053,100010
21053,100020
21053,100030
21053,100022
21053,100070
21053,100009
21053,100000
21053,100052
21053,100057
21053,100088
21054,100060
21054,100037
21054,100004
21054,100029
21054,100036
21054,100090
21054,100089
21054,100058
21054,100009
21054,100087
21054,100033
21054,100080
21054,100075
21054,100084
21054,100025
21054,100054
21054,100014
21054,100069
21054,100028
21055,100019
21055,100034
21055,100018
21055,100009
21055,100007
21055,100021
21055,100039
21055,100076
21055,100072
21055,100036
21055,100056
21055,100015
21055,100059
21055,100088
21055,100038
21055,100089
21055,100051
21055,100064
21055,100069
21055,100063
21056,100010
21056,100076
21056,100005
21056,100055
21056,100041
21056,100077
21056,100032
21056,100003
21056,100011
21056,100029
21056,100086
21056,100073
21056,100075
21056,100002
21056,100034
21056,100022
21056,100060
21057,100083
21057,100056
21057,100035
21057,100023
21057,100074
21057,100055
21057,100081
21057,100062
21057,100011
21057,100060
21057,100044
21057,100052
21057,100042
21057,100041
21057,100085
21057,100013
21057,100020
21057,100088
21058,100036
21058,100084
21058,100051
21058,100070
21058,100004
21058,100058
21058,100011
21058,100040
21058,100032
21058,100041
21058,100014
21058,100065
21058,100000
21058,100069
21058,100059
21058,100052
21058,100006
21059,100066
21059,100046
21059,100079
21059,100063
21059,100080
21059,100056
21059,100006
21059,100026
21059,100034
21059,100070
21059,100016
21059,100036
21059,100089
21060,100015
21060,100003
21060,100080
21060,100077
21060,100030
21060,100090
21060,100020
21060,100039
21060,100070
21060,100001
21060,100052
21060,100011
21060,100028
21060,100014
21060,100059
21060,100082
21060,100019
21061,100037
21061,100065
21061,100090
21061,100034
21061,100053
21061,100061
21061,100060
21061,100031
21061,100058
21061,100070
21061,100018
21061,100049
21061,100024
21061,100076
21061,100017
21061,100008
21061,100035
21062,100043
21062,100064
21062,100034
21062,100000
21062,100036
21062,100038
21062,100075
21062,100074
21062,100084
21062,100062
21062,100019
21062,100057
21062,100068
21062,100061
21062,100044
21062,100042
21063,100069
21063,100048
21063,100058
21063,100041
21063,100024
21063,100089
21063,100030
21063,100073
21063,100049
21063,100029
21063,100052
21063,100005
21063,100040
21063,100060
21063,100090
21063,100084
21063,100083
21063,100019
21064,100004
21064,100016
21064,100064
21064,100075
21064,100042
21064,100012
21064,100056
21064,100067
21064,100058
21064,100001
21064,100018
21064,100052
21064,100083
21064,100019
21064,100009
21064,100060
21064,100033
21065,100079
21065,100088
21065,100050
21065,100083
21065,100010
21065,100042
21065,100086
21065,100068
21065,100048
21065,100040
21065,100080
21065,100062
21065,100069
21065,100004
21065,100008
21066,100080
21066,100087
21066,100036
21066,100029
21066,100011
21066,100055
21066,100012
21066,100081
21066,100090
21066,100056
21066,100021
21066,100088
21066,100038
21067,100005
21067,100041
21067,100007
21067,100037
21067,100045
21067,100047
21067,100055
21067,100018
21067,100031
21067,100067
21068,100072
21068,100087
21068,100023
21068,100021
21068,100022
21068,100010
21068,100078
21068,100048
21068,100079
21068,100030
21068,100063
21068,100074
21068,100018
21068,100029
21068,100059
21068,100081
21069,100058
21069,100032
21069,100085
21069,100001
21069,100059
21069,100036
21069,100086
21069,100069
21069,100020
21069,100009
21069,100056
21069,100044
21069,100075
21069,100038
21070,100054
21070,100088
21070,100032
21070,100058
21070,100038
21070,100025
21070,100049
21070,100061
21070,100013
21070,100030
21070,100048
21070,100073
21070,100045
21070,100037
21070,100089
21070,100002
21070,100084
21070,100050
21070,100035
21070,100001
21071,100087
21071,100006
21071,100077
21071,100063
21071,100036
21071,100029
21071,100045
21071,100028
21071,100081
21071,100024
21071,100079
21071,100032
21071,100086
21071,100084
21071,100017
21071,100080
21071,100012
21071,100082
21071,100005
21072,100056
21072,100004
21072,100074
21072,100046
21072,100016
21072,100011
21072,100037
21072,100041
21072,100053
21072,100022
21072,100025
21072,100069
21072,100067
21072,100064
21073,100021
21073,100032
21073,100061
21073,100037
21073,100043
21073,100014
21073,100059
21073,100009
21073,100018
21073,100028
21073,100086
21073,100050
21073,100071
21073,100046
21074,100050
21074,100001
21074,100033
21074,100068
21074,100015
21074,100058
21074,100047
21074,100086
21074,100074
21074,100048
21074,100081
21075,100013
21075,100086
21075,100029
21075,100060
21075,100003
21075,100079
21075,100071
21075,100041
21075,100078
21075,100028
21075,100082
21075,100008
21075,100081
21075,100059
21075,100089
21076,100083
21076,100052
21076,100014
21076,100017
21076,100005
21076,100004
21076,100038
21076,100063
21076,100012
21076,100030
21076,100068
21076,100049
21076,100058
21076,100047
21077,100089
21077,100069
21077,100053
21077,100075
21077,100019
21077,100083
21077,100012
21077,100062
21077,100078
21077,100052
21077,100035
21077,100004
21077,100088
21077,100047
21077,100027
21077,100056
21077,100030
21077,100046
21077,100087
21077,100082
21078,100007
21078,100050
21078,100035
21078,100024
21078,100015
21078,100058
21078,100011
21078,100084
21078,100027
21078,100082
21078,100081
21078,100076
21078,100002
21078,100006
21078,100042
21079,100016
21079,100072
21079,100026
21079,100008
21079,100070
21079,100075
21079,100027
21079,100029
21079,100042
21079,100018
21079,100076
21079,100000
21079,100035
21080,100016
21080,100069
21080,100032
21080,100022
21080,100014
21080,100084
21080,100003
21080,100001
21080,100045
21080,100030
21080,100075
21080,100041
21081,100022
21081,100033
21081,100006
21081,100016
21081,100053
21081,100067
21081,100014
21081,100008
21081,100060
21081,100057
21082,100065
21082,100075
21082,100013
21082,100057
21082,100064
21082,100028
21082,100078
21082,100005
21082,100084
21082,100066
21082,100038
21082,100058
21082,100082
21082,100003
21082,100007
21083,100051
21083,100054
21083,100087
21083,100013
21083,100062
21083,100056
21083,100009
21083,100010
21083,100041
21083,100077
21083,100018
21083,100008
21083,100016
21083,100035
21083,100079
21083,100081
21083,100074
21084,100041
21084,100048
21084,100076
21084,100067
21084,100037
21084,100058
21084,100064
21084,100077
21084,100055
21084,100012
21084,100089
21084,100014
21084,100083
21084,100070
21084,100027
21084,100057
21084,100029
21084,100052
21085,100058
21085,100051
21085,100053
21085,100012
21085,100040
21085,100054
21085,100085
21085,100032
21085,100047
21085,100019
21085,100087
21085,100060
21085,100008
21085,100011
21085,100010
21086,100055
21086,100012
21086,100047
21086,100016
21086,100071
21086,100007
21086,100075
21086,100042
21086,100085
21086,100015
21086,100052
21087,100085
21087,100054
21087,100006
21087,100036
21087,100076
21087,100039
21087,100045
21087,100013
21087,100073
21087,100064
21087,100027
21087,100019
21087,100084
21087,100061
21087,100028
21088,100044
21088,100071
21088,100047
21088,100014
21088,100035
21088,100073
21088,100028
21088,100054
21088,100079
21088,100078
21088,100086
21089,100071
21089,100003
21089,100077
21089,100084
21089,100088
21089,100034
21089,100023
21089,100089
21089,100039
21089,100043
21089,100044
21089,100000
21089,100018
21089,100072
21089,100051
21089,100008
21089,100081
21089,100011
21089,100067
21089,100027
21090,100053
21090,100058
21090,100043
21090,100020
21090,100047
21090,100039
21090,100041
21090,100072
21090,100076
21090,100010
21090,100006
21090,100019
21090,100079
21090,100086
21090,100034
21090,100056
21091,100054
21091,100062
21091,100077
21091,100056
21091,100053
21091,100034
21091,100027
21091,100065
21091,100014
21091,100044
21091,100055
21091,100036
21091,100086
21091,100075
21091,100067
21091,100085
21091,100039
21091,100005
21091,100028
21091,100050
21092,100007
21092,100000
21092,100026
21092,100038
21092,100027
21092,100017
21092,100032
21092,100037
21092,100041
21092,100015
21092,100063
21092,100055
21092,100022
21092,100016
21092,100048
21092,100068
21092,100090
21092,100029
21092,100064
21093,100085
21093,100045
21093,100009
21093,100050
21093,100005
21093,100055
21093,100002
21093,100058
21093,100040
21093,100073
21093,100054
21093,100051
21093,100090
21093,100081
21093,100053
21093,100037
21093,100014
21093,100041
21094,100079
21094,100058
21094,100088
21094,100046
21094,100011
21094,100055
21094,100013
21094,100031
21094,100075
21094,100051
21094,100067
21094,100010
21095,100039
21095,100043
21095,100028
21095,100042
21095,100021
21095,100009
21095,100065
21095,100081
21095,100014
21095,100067
21095,100024
21095,100044
21095,100082
21095,100018
21095,100030
21095,100013
21096,100032
21096,100025
21096,100022
21096,100077
21096,100019
21096,100083
21096,100009
21096,100080
21096,100063
21096,100059
21096,100072
21096,100074
21097,100087
21097,100072
21097,100082
21097,100081
21097,100079
21097,100041
21097,100080
21097,100040
21097,100019
21097,100056
21097,100008
21097,100060
21097,100038
21097,100035
21097,100075
21097,100007
21097,100045
21098,100009
21098,100039
21098,100059
21098,100057
21098,100004
21098,100007
21098,100047
21098,100036
21098,100082
21098,100011
21098,100078
21098,100076
21098,100064
21098,100049
21098,100074
21098,100070
21098,100005
21098,100073
21099,100024
21099,100041
21099,100077
21099,100060
21099,100064
21099,100019
21099,100007
21099,100057
21099,100013
21099,100043
21099,100010
21099,100082
21099,100022
21099,100005
21099,100031
21099,100090
21099,100056
21099,100067
21099,100066
21099,100078
21100,100046
21100,100047
21100,100036
21100,100049
21100,100052
21100,100043
21100,100086
21100,100076
21100,100006
21100,100080
21100,100082
21100,100042
21101,100042
21101,100012
21101,100071
21101,100086
21101,100049
21101,100036
21101,100032
21101,100084
21101,100077
21101,100019
21101,100010
21102,100084
21102,100018
21102,100044
21102,100039
21102,100083
21102,100089
21102,100050
21102,100016
21102,100076
21102,100090
21102,100010
21102,100071
21102,100048
21102,100082
21102,100042
21102,100085
21102,100087
21102,100067
21102,100011
21103,100085
21103,100054
21103,100065
21103,100046
21103,100002
21103,100039
21103,100023
21103,100027
21103,100043
21103,100062
21103,100024
21103,100028
21103,100017
21103,100019
21103,100009
21103,100037
21103,100012
21103,100064
21103,100069
21103,100067
21104,100084
21104,100043
21104,100079
21104,100016
21104,100076
21104,100048
21104,100019
21104,100020
21104,100023
21104,100088
21105,100021
21105,100056
21105,100005
21105,100052
21105,100046
21105,100086
21105,100030
21105,100078
21105,100036
21105,100057
21105,100029
21105,100068
21105,100039
21105,100060
21105,100024
21105,100047
21105,100073
21105,100059
21105,100048
21106,100067
21106,100053
21106,100020
21106,100025
21106,100077
21106,100017
21106,100032
21106,100006
21106,100082
21106,100061
21106,100047
21106,100070
21106,100013
21106,100066
21106,100015
21106,100036
21106,100010
21106,100034
21107,100065
21107,100018
21107,100055
21107,100011
21107,100028
21107,100057
21107,100044
21107,100003
21107,100053
21107,100006
21107,100050
21107,100064
21107,100047
21107,100030
21107,100049
21107,100010
21107,100040
21108,100083
21108,100042
21108,100018
21108,100017
21108,100004
21108,100036
21108,100060
21108,100089
21108,100090
21108,100057
21108,100078
21109,100010
21109,100002
21109,100032
21109,100027
21109,100019
21109,100070
21109,100077
21109,100067
21109,100054
21109,100014
21110,100030
21110,100038
21110,100015
21110,100006
21110,100053
21110,100081
21110,100079
21110,100058
21110,100008
21110,100014
21110,100063
21110,100076
21110,100068
21110,100002
21111,100065
21111,100073
21111,100030
21111,100018
21111,100037
21111,100054
21111,100000
21111,100078
21111,100045
21111,100053
21111,100023
21111,100085
21111,100010
21111,100067
21111,100046
21111,100008
21111,100069
21111,100064
21111,100070
21111,100002
21112,100060
21112,100005
21112,100081
21112,100049
21112,100047
21112,100032
21112,100002
21112,100045
21112,100008
21112,100044
21112,100030
21112,100084
21112,100080
21112,100013
21112,100074
21112,100042
21113,100005
21113,100045
21113,100069
21113,100043
21113,100082
21113,100022
21113,100087
21113,100059
21113,100089
21113,100061
21113,100080
21113,100023
21114,100008
21114,100058
21114,100004
21114,100037
21114,100025
21114,100005
21114,100040
21114,100039
21114,100065
21114,100050
21114,100069
21114,100060
21115,100004
21115,100082
21115,100024
21115,100036
21115,100045
21115,100006
21115,100083
21115,100042
21115,100034
21115,100015
21115,100047
21115,100055
21115,100051
21115,100056
21116,100043
21116,100023
21116,100063
21116,100088
21116,100047
21116,100066
21116,100034
21116,100010
21116,100054
21116,100055
21116,100077
21116,100069
21116,100037
21116,100041
21116,100013
21116,100084
21117,100039
21117,100057
21117,100077
21117,100054
21117,100021
21117,100088
21117,100056
21117,100044
21117,100005
21117,100045
21117,100078
21117,100055
21117,100035
21117,100081
21118,100009
21118,100085
21118,100081
21118,100051
21118,100046
21118,100065
21118,100086
21118,100020
21118,100003
21118,100018
21119,100086
21119,100056
21119,100004
21119,100016
21119,100008
21119,100030
21119,100082
21119,100046
21119,100049
21119,100072
21119,100077
21119,100019
21119,100057
21119,100047
21119,100009
21119,100073
21119,100017
21119,100067
21119,100050
21120,100083
21120,100035
21120,100031
21120,100014
21120,100003
21120,100023
21120,100063
21120,100066
21120,100049
21120,100071
21120,100015
21120,100033
21120,100090
21120,100057
21120,100027
21121,100036
21121,100088
21121,100062
21121,100025
21121,100015
21121,100017
21121,100009
21121,100057
21121,100022
21121,100056
21121,100011
21121,100087
21121,100040
21121,100085
21121,100044
21121,100090
21121,100008
21121,100070
21121,100069
21122,100038
21122,100020
21122,100090
21122,100089
21122,100081
21122,100022
21122,100046
21122,100065
21122,100028
21122,100015
21122,100025
21122,100017
21122,100030
21122,100063
21123,100046
21123,100070
21123,100073
21123,100047
21123,100059
21123,100016
21123,100078
21123,100011
21123,100008
21123,100039
21124,100061
21124,100067
21124,100052
21124,100073
21124,100009
21124,100016
21124,100040
21124,100082
21124,100057
21124,100059
21124,100087
21124,100066
21124,100044
21124,100070
21124,100081
21124,100075
21125,100016
21125,100055
21125,100064
21125,100007
21125,100015
21125,100066
21125,100019
21125,100038
21125,100021
21125,100020
21125,100041
21125,100090
21126,100044
21126,100066
21126,100036
21126,100010
21126,100032
21126,100025
21126,100081
21126,100070
21126,100035
21126,100016
21126,100080
21126,100038
21126,100078
21127,100011
21127,100064
21127,100082
21127,100021
21127,100075
21127,100074
21127,100019
21127,100084
21127,100079
21127,100077
21127,100043
21127,100072
21127,100005
21127,100003
21127,100010
21127,100073
21127,100033
21127,100083
21128,100073
21128,100053
21128,100079
21128,100081
21128,100003
21128,100063
21128,100080
21128,100069
21128,100037
21128,100082
21128,100038
21128,100061
21128,100031
21129,100051
21129,100038
21129,100058
21129,100009
21129,100088
21129,100007
21129,100020
21129,100056
21129,100053
21129,100061
21129,100059
21129,100026
21129,100043
21129,100077
21129,100018
21129,100040
21129,100044
21129,100016
21129,100047
21129,100065
21130,100013
21130,100040
21130,100030
21130,100059
21130,100015
21130,100034
21130,100057
21130,100031
21130,100018
21130,100012
21130,100006
21130,100037
21130,100049
21130,100078
21130,100053
21130,100020
21130,100041
21130,100073
21131,100024
21131,100020
21131,100063
21131,100065
21131,100059
21131,100039
21131,100002
21131,100011
21131,100050
21131,100064
21131,100058
21131,100030
21131,100027
21131,100074
21131,100045
21132,100006
21132,100036
21132,100063
21132,100076
21132,100083
21132,100086
21132,100060
21132,100068
21132,100001
21132,100013
21133,100017
21133,100033
21133,100046
21133,100051
21133,100005
21133,100006
21133,100072
21133,100071
21133,100024
21133,100070
21133,100036
21133,100009
21133,100049
21133,100064
21133,100057
21133,100035
21134,100087
21134,100078
21134,100015
21134,100016
21134,100012
21134,100050
21134,100047
21134,100043
21134,100071
21134,100046
21134,100018
21134,100025
21134,100077
21134,100065
21134,100051
21134,100064
21134,100005
21134,100004
21134,100017
21135,100060
21135,100066
21135,100058
21135,100019
21135,100077
21135,100065
21135,100017
21135,100041
21135,100078
21135,100040
21135,100020
21135,100050
21135,100038
21135,100075
21135,100043
21136,100065
21136,100068
21136,100062
21136,100090
21136,100072
21136,100038
21136,100060
21136,100002
21136,100047
21136,100042
21136,100086
21136,100014
21136,100053
21136,100074
21136,100039
21136,100088
21136,100080
21136,100003
21137,100060
21137,100033
21137,100083
21137,100074
21137,100073
21137,100029
21137,100006
21137,100061
21137,100021
21137,100067
21137,100080
21137,100079
21137,100048
21137,100018
21137,100087
21137,100031
21137,100004
21137,100089
21137,100014
21138,100002
21138,100056
21138,100040
21138,100053
21138,100019
21138,100052
21138,100088
21138,100026
21138,100064
21138,100078
21138,100060
21138,100007
21138,100090
21139,100066
21139,100026
21139,100071
21139,100041
21139,100084
21139,100061
21139,100067
21139,100048
21139,100040
21139,100022
21139,100058
21139,100068
21140,100069
21140,100045
21140,100086
21140,100087
21140,100082
21140,100088
21140,100033
21140,100078
21140,100061
21140,100024
21140,100031
21140,100035
21140,100071
21140,100038
21140,100028
21141,100036
21141,100090
21141,100026
21141,100088
21141,100062
21141,100040
21141,100061
21141,100044
21141,100071
21141,100035
21141,100015
21141,100073
21141,100086
21141,100069
21142,100050
21142,100044
21142,100018
21142,100037
21142,100005
21142,100036
21142,100010
21142,100056
21142,100083
21142,100032
21142,100061
21142,100027
21142,100025
21142,100068
21142,100034
21142,100071
21143,100017
21143,100013
21143,100078
21143,100075
21143,100030
21143,100031
21143,100006
21143,100085
21143,100067
21143,100028
21143,100081
21143,100029
21143,100012
21143,100052
21144,100060
21144,100012
21144,100087
21144,100017
21144,100000
21144,100070
21144,100020
21144,100052
21144,100083
21144,100061
21144,100025
21144,100036
21144,100041
21144,100082
21144,100007
21145,100083
21145,100073
21145,100029
21145,100068
21145,100004
21145,100022
21145,100053
21145,100050
21145,100063
21145,100023
21145,100037
21146,100001
21146,100038
21146,100072
21146,100077
21146,100013
21146,100042
21146,100036
21146,100058
21146,100082
21146,100069
21147,100063
21147,100017
21147,100064
21147,100059
21147,100034
21147,100024
21147,100014
21147,100042
21147,100020
21147,100058
21147,100082
21147,100032
21147,100023
21147,100001
21147,100043
21147,100037
21147,100072
21147,100086
21148,100022
21148,100078
21148,100081
21148,100051
21148,100054
21148,100065
21148,100041
21148,100011
21148,100085
21148,100012
21148,100023
21148,100017
21148,100061
21149,100031
21149,100000
21149,100033
21149,100049
21149,100030
21149,100057
21149,100034
21149,100042
21149,100038
21149,100074
21149,100073
21149,100001
21149,100083
21149,100046
21149,100088
