21000,100014
21000,100003
21000,100035
21000,100031
21000,100028
21000,100017
21000,100013
21000,100069
21000,100011
21000,100054
21000,100004
21000,100076
21000,100070
21000,100027
21000,100029
21000,100032
21000,100038
21000,100001
21000,100075
21000,100012
21001,100069
21001,100053
21001,100028
21001,100057
21001,100035
21001,100000
21001,100020
21001,100054
21001,100043
21001,100073
21001,100019
21001,100027
21001,100077
21001,100013
21001,100011
21001,100024
21001,100006
21001,100022
21001,100070
21001,100060
21002,100033
21002,100005
21002,100058
21002,100068
21002,100015
21002,100048
21002,100010
21002,100070
21002,100037
21002,100046
21002,100024
21002,100008
21002,100076
21002,100029
21002,100069
21002,100065
21002,100054
21002,100014
21002,100055
21003,100048
21003,100035
21003,100058
21003,100046
21003,100020
21003,100047
21003,100045
21003,100026
21003,100034
21003,100009
21003,100021
21004,100031
21004,100020
21004,100059
21004,100048
21004,100034
21004,100071
21004,100028
21004,100041
21004,100007
21004,100029
21004,100004
21004,100040
21004,100051
21004,100073
21004,100008
21004,100013
21004,100058
21004,100060
21005,100040
21005,100027
21005,100063
21005,100050
21005,100058
21005,100018
21005,100033
21005,100017
21005,100031
21005,100068
21005,100071
21005,100054
21005,100051
21005,100046
21005,100028
21005,100008
21005,100032
21005,100069
21005,100005
21006,100014
21006,100019
21006,100020
21006,100054
21006,100008
21006,100049
21006,100048
21006,100059
21006,100067
21006,100032
21007,100001
21007,100014
21007,100068
21007,100034
21007,100043
21007,100076
21007,100037
21007,100055
21007,100020
21007,100058
21007,100000
21007,100033
21007,100064
21007,100022
21007,100013
21007,100070
21007,100040
21007,100019
21008,100064
21008,100025
21008,100019
21008,100047
21008,100020
21008,100069
21008,100067
21008,100000
21008,100041
21008,100062
21008,100002
21008,100014
21008,100046
21008,100039
21008,100030
21008,100003
21008,100015
21008,100056
21008,100036
21008,100005
21009,100062
21009,100008
21009,100068
21009,100016
21009,100074
21009,100060
21009,100070
21009,100021
21009,100033
21009,100067
21009,100054
21010,100069
21010,100025
21010,100039
21010,100051
21010,100047
21010,100056
21010,100066
21010,100057
21010,100015
21010,100031
21010,100028
21010,100008
21010,100043
21011,100075
21011,100070
21011,100029
21011,100028
21011,100000
21011,100009
21011,100007
21011,100077
21011,100008
21011,100004
21012,100009
21012,100065
21012,100030
21012,100035
21012,100062
21012,100027
21012,100069
21012,100016
21012,100060
21012,100031
21012,100071
21012,100052
21012,100024
21012,100012
21012,100064
21013,100055
21013,100045
21013,100054
21013,100052
21013,100059
21013,100006
21013,100012
21013,100007
21013,100051
21013,100043
21013,100013
21013,100031
21013,100024
21013,100065
21013,100057
21013,100008
21013,100027
21013,100011
21013,100017
21013,100029
21014,100009
21014,100056
21014,100070
21014,100012
21014,100006
21014,100069
21014,100001
21014,100011
21014,100030
21014,100021
21014,100052
21014,100062
21014,100061
21015,100051
21015,100007
21015,100021
21015,100048
21015,100000
21015,100049
21015,100033
21015,100058
21015,100036
21015,100054
21015,100062
21015,100019
21015,100024
21016,100027
21016,100007
21016,100074
21016,100069
21016,100076
21016,100040
21016,100073
21016,100006
21016,100061
21016,100064
21016,100067
21016,100020
21016,100071
21016,100010
21017,100008
21017,100076
21017,100077
21017,100030
21017,100051
21017,100015
21017,100031
21017,100005
21017,100010
21017,100053
21017,100066
21017,100040
21018,100026
21018,100040
21018,100030
21018,100033
21018,100050
21018,100016
21018,100038
21018,100058
21018,100076
21018,100009
21018,100001
21018,100070
21018,100012
21018,100068
21019,100027
21019,100064
21019,100033
21019,100016
21019,100044
21019,100008
21019,100031
21019,100047
21019,100036
21019,100020
21019,100056
21019,100038
21019,100001
21019,100066
21019,100013
21019,100060
21019,100067
21019,100072
21020,100014
21020,100013
21020,100070
21020,100019
21020,100034
21020,100036
21020,100026
21020,100043
21020,100071
21020,100033
21020,100064
21020,100062
21020,100032
21020,100006
21021,100054
21021,100035
21021,100005
21021,100000
21021,100042
21021,100016
21021,100033
21021,100020
21021,100056
21021,100077
21021,100001
21022,100009
21022,100019
21022,100069
21022,100004
21022,100047
21022,100070
21022,100018
21022,100055
21022,100016
21022,100005
21022,100039
21023,100005
21023,100045
21023,100026
21023,100031
21023,100013
21023,100076
21023,100071
21023,100052
21023,100019
21023,100030
21023,100020
21023,100022
21023,100070
21023,100003
21023,100066
21024,100052
21024,100031
21024,100034
21024,100020
21024,100013
21024,100048
21024,100004
21024,100060
21024,100028
21024,100025
21024,100058
21024,100044
21024,100039
21024,100029
21024,100069
21025,100024
21025,100051
21025,100042
21025,100035
21025,100008
21025,100074
21025,100044
21025,100065
21025,100076
21025,100068
21026,100003
21026,100014
21026,100033
21026,100022
21026,100075
21026,100004
21026,100013
21026,100055
21026,100044
21026,100040
21026,100070
21026,100065
21026,100076
21026,100049
21026,100024
21027,100005
21027,100055
21027,100000
21027,100066
21027,100068
21027,100025
21027,100046
21027,100076
21027,100008
21027,100042
21027,100040
21027,100015
21027,100038
21027,100064
21028,100052
21028,100041
21028,100051
21028,100037
21028,100070
21028,100016
21028,100024
21028,100053
21028,100048
21028,100022
21028,100038
21028,100075
21028,100000
21028,100067
21029,100026
21029,100055
21029,100074
21029,100041
21029,100059
21029,100056
21029,100072
21029,100027
21029,100065
21029,100060
21029,100021
21029,100010
21029,100036
21029,100042
21030,100030
21030,100039
21030,100028
21030,100025
21030,100018
21030,100003
21030,100005
21030,100031
21030,100060
21030,100009
21030,100058
21031,100073
21031,100024
21031,100049
21031,100063
21031,100051
21031,100031
21031,100018
21031,100000
21031,100013
21031,100054
21031,100028
21031,100022
21031,100059
21031,100006
21031,100072
21031,100058
21032,100058
21032,100017
21032,100059
21032,100067
21032,100071
21032,100040
21032,100056
21032,100064
21032,100054
21032,100057
21032,100020
21033,100057
21033,100033
21033,100031
21033,100035
21033,100066
21033,100062
21033,100030
21033,100074
21033,100056
21033,100009
21033,100036
21033,100071
21033,100034
21033,100042
21033,100040
21033,100077
21033,100065
21034,100017
21034,100019
21034,100029
21034,100049
21034,100076
21034,100027
21034,100008
21034,100053
21034,100052
21034,100042
21034,100059
21035,100007
21035,100026
21035,100053
21035,100049
21035,100002
21035,100048
21035,100061
21035,100000
21035,100045
21035,100038
21035,100074
21035,100075
21035,100028
21035,100062
21035,100065
21035,100017
21036,100062
21036,100003
21036,100049
21036,100043
21036,100051
21036,100021
21036,100059
21036,100016
21036,100068
21036,100076
21036,100050
21036,100069
21036,100010
21036,100054
21036,100017
21036,100055
21037,100023
21037,100006
21037,100033
21037,100048
21037,100041
21037,100027
21037,100058
21037,100073
21037,100043
21037,100074
21037,100035
21037,100053
21037,100032
21037,100010
21037,100060
21037,100001
21037,100047
21038,100006
21038,100044
21038,100028
21038,100008
21038,100005
21038,100003
21038,100031
21038,100025
21038,100002
21038,100019
21038,100030
21038,100016
21038,100060
21038,100014
21038,100027
21038,100029
21038,100076
21038,100066
21039,100021
21039,100014
21039,100020
21039,100039
21039,100013
21039,100003
21039,100074
21039,100048
21039,100050
21039,100025
21039,100009
21039,100031
21039,100073
21039,100038
21039,100015
21040,100005
21040,100044
21040,100068
21040,100054
21040,100047
21040,100008
21040,100064
21040,100043
21040,100001
21040,100053
21040,100062
21040,100013
21040,100055
21040,100046
21040,100058
21040,100045
21040,100009
21040,100027
21040,100011
21041,100034
21041,100068
21041,100061
21041,100059
21041,100055
21041,100077
21041,100041
21041,100031
21041,100011
21041,100035
21041,100057
21041,100070
21041,100074
21041,100048
21041,100043
21041,100001
21041,100066
21041,100054
21042,100023
21042,100062
21042,100027
21042,100045
21042,100033
21042,100043
21042,100035
21042,100071
21042,100001
21042,100066
21042,100024
21042,100010
21042,100030
21042,100052
21042,100076
21043,100030
21043,100060
21043,100062
21043,100057
21043,100002
21043,100011
21043,100037
21043,100028
21043,100051
21043,100031
21043,100039
21043,100047
21043,100076
21043,100044
21043,100054
21043,100066
21043,100035
21043,100021
21044,100058
21044,100034
21044,100039
21044,100032
21044,100029
21044,100015
21044,100024
21044,100040
21044,100072
21044,100068
21044,100023
21044,100071
21044,100027
21044,100061
21044,100035
21045,100067
21045,100076
21045,100036
21045,100012
21045,100024
21045,100037
21045,100029
21045,100046
21045,100022
21045,100038
21045,100001
21045,100016
21045,100035
21045,100005
21045,100006
21045,100065
21045,100018
21045,100044
21045,100008
21046,100062
21046,100013
21046,100001
21046,100073
21046,100036
21046,100060
21046,100061
21046,100056
21046,100043
21046,100023
21046,100006
21046,100032
21046,100071
21046,100014
21046,100008
21046,100025
21046,100031
21046,100004
21046,100074
21046,100040
21047,100006
21047,100019
21047,100076
21047,100072
21047,100038
21047,100010
21047,100031
21047,100015
21047,100053
21047,100028
21047,100066
21047,100048
21047,100057
21047,100056
21047,100073
21047,100055
21047,100037
21047,100027
21047,100075
21047,100036
21048,100007
21048,100012
21048,100026
21048,100027
21048,100033
21048,100010
21048,100020
21048,100030
21048,100022
21048,100009
21048,100071
21048,100000
21048,100052
21048,100057
21048,100060
21048,100018
21048,100002
21048,100014
21048,100062
21049,100058
21049,100009
21049,100029
21049,100033
21049,100025
21049,100054
21049,100014
21049,100069
21049,100028
21049,100019
21049,100034
21049,100018
21049,100076
21049,100007
21050,100039
21050,100076
21050,100072
21050,100036
21050,100056
21050,100015
21050,100059
21050,100038
21050,100051
21050,100034
21050,100064
21050,100063
21051,100010
21051,100076
21051,100005
21051,100055
21051,100041
21051,100032
21051,100003
21051,100011
21051,100029
21051,100002
21051,100034
21051,100075
21051,100022
21051,100060
21051,100056
21051,100058
21051,100017
21052,100074
21052,100055
21052,100062
21052,100011
21052,100060
21052,100044
21052,100052
21052,100042
21052,100041
21052,100013
21052,100020
21052,100070
21053,100063
21053,100036
21053,100051
21053,100070
21053,100004
21053,100058
21053,100011
21053,100040
21053,100032
21053,100041
21053,100014
21053,100075
21053,100065
21053,100000
21053,100059
21053,100026
21054,100024
21054,100066
21054,100046
21054,100063
21054,100056
21054,100006
21054,100026
21054,100034
21054,100016
21054,100036
21055,100062
21055,100015
21055,100003
21055,100030
21055,100020
21055,100039
21055,100070
21055,100001
21055,100052
21055,100011
21055,100028
21055,100014
21055,100059
21055,100076
21055,100019
21055,100031
21055,100065
21056,100065
21056,100034
21056,100053
21056,100061
21056,100060
21056,100031
21056,100058
21056,100070
21056,100018
21056,100049
21056,100024
21056,100077
21056,100017
21056,100008
21057,100053
21057,100043
21057,100064
21057,100034
21057,100000
21057,100036
21057,100038
21057,100062
21057,100019
21057,100057
21057,100061
21057,100044
21057,100042
21057,100048
21058,100041
21058,100024
21058,100030
21058,100073
21058,100049
21058,100029
21058,100052
21058,100005
21058,100040
21058,100060
21058,100048
21058,100074
21058,100019
21058,100063
21058,100004
21058,100008
21058,100032
21059,100042
21059,100012
21059,100056
21059,100076
21059,100067
21059,100058
21059,100001
21059,100018
21059,100052
21059,100019
21059,100009
21059,100060
21059,100033
21059,100043
21059,100050
21059,100041
21059,100005
21059,100054
21059,100021
21060,100068
21060,100048
21060,100040
21060,100062
21060,100069
21060,100004
21060,100008
21060,100030
21060,100036
21060,100029
21060,100011
21060,100055
21060,100012
21060,100065
21060,100056
21060,100010
21060,100044
21060,100019
21060,100057
21060,100001
21061,100041
21061,100007
21061,100037
21061,100045
21061,100047
21061,100055
21061,100018
21061,100031
21061,100067
21061,100052
21062,100023
21062,100021
21062,100022
21062,100010
21062,100048
21062,100030
21062,100063
21062,100018
21062,100029
21062,100059
21062,100032
21062,100058
21062,100067
21062,100001
21062,100068
21062,100057
21062,100070
21062,100043
21062,100034
21063,100009
21063,100056
21063,100044
21063,100038
21063,100054
21063,100032
21063,100058
21063,100074
21063,100025
21063,100049
21063,100061
21063,100013
21064,100048
21064,100073
21064,100045
21064,100076
21064,100037
21064,100074
21064,100002
21064,100050
21064,100035
21064,100001
21064,100006
21064,100063
21064,100036
21065,100077
21065,100045
21065,100028
21065,100024
21065,100032
21065,100017
21065,100012
21065,100005
21065,100039
21065,100056
21065,100004
21065,100046
21065,100016
21066,100037
21066,100041
21066,100053
21066,100022
21066,100025
21066,100016
21066,100069
21066,100046
21066,100067
21066,100064
21066,100034
21067,100032
21067,100061
21067,100037
21067,100043
21067,100014
21067,100059
21067,100009
21067,100018
21067,100028
21067,100050
21067,100046
21067,100011
21068,100001
21068,100033
21068,100068
21068,100015
21068,100058
21068,100047
21068,100076
21068,100048
21068,100072
21068,100013
21068,100029
21068,100060
21068,100003
21068,100041
21068,100028
21068,100064
21069,100059
21069,100038
21069,100052
21069,100014
21069,100017
21069,100005
21069,100004
21069,100076
21069,100063
21069,100074
21069,100012
21070,100068
21070,100017
21070,100049
21070,100058
21070,100047
21070,100069
21070,100053
21070,100019
21070,100071
21070,100012
21070,100062
21070,100052
21070,100035
21071,100047
21071,100027
21071,100056
21071,100075
21071,100030
21071,100046
21071,100012
21071,100077
21071,100069
21071,100045
21072,100050
21072,100035
21072,100024
21072,100015
21072,100058
21072,100011
21072,100027
21072,100002
21072,100006
21072,100042
21073,100016
21073,100072
21073,100026
21073,100008
21073,100070
21073,100075
21073,100027
21073,100029
21073,100042
21073,100018
21073,100000
21073,100035
21073,100068
21074,100069
21074,100032
21074,100022
21074,100014
21074,100003
21074,100016
21074,100001
21074,100045
21074,100030
21074,100041
21074,100002
21074,100075
21075,100006
21075,100016
21075,100053
21075,100067
21075,100014
21075,100008
21075,100060
21075,100057
21075,100046
21075,100065
21075,100013
21075,100070
21075,100064
21075,100028
21076,100005
21076,100066
21076,100038
21076,100058
21076,100003
21076,100007
21076,100061
21076,100051
21076,100054
21076,100013
21076,100062
21076,100056
21076,100009
21076,100010
21076,100041
21076,100075
21076,100065
21076,100004
21076,100008
21077,100074
21077,100070
21077,100041
21077,100048
21077,100067
21077,100037
21077,100058
21077,100064
21077,100055
21077,100012
21077,100014
21077,100027
21077,100069
21077,100057
21078,100052
21078,100043
21078,100058
21078,100051
21078,100053
21078,100012
21078,100040
21078,100054
21078,100071
21078,100032
21078,100047
21078,100019
21078,100060
21079,100011
21079,100010
21079,100077
21079,100055
21079,100012
21079,100047
21079,100016
21079,100007
21079,100042
21079,100015
21079,100052
21080,100054
21080,100006
21080,100036
21080,100039
21080,100045
21080,100013
21080,100064
21080,100027
21080,100019
21080,100061
21080,100028
21080,100072
21080,100044
21080,100047
21080,100014
21081,100073
21081,100028
21081,100054
21081,100071
21081,100074
21081,100003
21081,100034
21081,100072
21081,100023
21081,100077
21081,100039
21081,100043
21081,100044
21081,100000
21082,100018
21082,100072
21082,100051
21082,100008
21082,100077
21082,100003
21082,100011
21082,100067
21082,100027
21082,100048
21082,100053
21082,100058
21083,100020
21083,100047
21083,100039
21083,100041
21083,100072
21083,100010
21083,100006
21083,100019
21083,100077
21083,100071
21083,100073
21083,100034
21083,100056
21083,100054
21083,100062
21084,100056
21084,100053
21084,100034
21084,100027
21084,100065
21084,100014
21084,100044
21084,100055
21084,100072
21084,100036
21084,100062
21084,100039
21084,100005
21084,100028
21084,100050
21084,100038
21084,100003
21084,100000
21084,100013
21085,100027
21085,100017
21085,100032
21085,100037
21085,100041
21085,100015
21085,100000
21085,100063
21085,100055
21085,100022
21085,100016
21085,100048
21085,100029
21085,100064
21086,100045
21086,100009
21086,100050
21086,100005
21086,100055
21086,100002
21086,100058
21086,100076
21086,100040
21086,100054
21086,100051
21086,100053
21086,100037
21086,100014
21086,100067
21086,100001
21086,100061
21086,100020
21087,100058
21087,100046
21087,100011
21087,100055
21087,100013
21087,100031
21087,100074
21087,100051
21087,100067
21087,100010
21087,100050
21087,100039
21088,100028
21088,100042
21088,100021
21088,100009
21088,100065
21088,100014
21088,100067
21088,100073
21088,100024
21088,100044
21088,100068
21088,100018
21088,100030
21088,100013
21088,100066
21089,100025
21089,100022
21089,100019
21089,100009
21089,100076
21089,100063
21089,100059
21089,100057
21089,100041
21089,100040
21089,100075
21089,100056
21089,100008
21089,100060
21090,100038
21090,100035
21090,100075
21090,100007
21090,100045
21090,100064
21090,100009
21090,100039
21090,100059
21090,100057
21090,100004
21090,100074
21090,100047
21090,100036
21090,100071
21090,100041
21090,100055
21091,100076
21091,100064
21091,100049
21091,100059
21091,100070
21091,100005
21091,100057
21091,100024
21091,100041
21091,100060
21091,100077
21092,100007
21092,100057
21092,100013
21092,100043
21092,100010
21092,100064
21092,100022
21092,100005
21092,100031
21092,100056
21092,100068
21092,100066
21093,100020
21093,100046
21093,100047
21093,100036
21093,100049
21093,100052
21093,100043
21093,100006
21093,100042
21093,100008
21093,100069
21093,100012
21093,100073
21093,100074
21093,100032
21093,100076
21093,100054
21093,100067
21093,100058
21094,100019
21094,100042
21094,100010
21094,100074
21094,100018
21094,100044
21094,100039
21094,100050
21094,100016
21094,100075
21094,100071
21094,100048
21094,100076
21094,100069
21094,100011
21094,100041
21094,100065
21094,100027
21094,100032
21095,100002
21095,100046
21095,100039
21095,100023
21095,100027
21095,100043
21095,100062
21095,100024
21095,100028
21095,100017
21095,100019
21095,100009
21095,100037
21095,100012
21095,100004
21096,100043
21096,100016
21096,100048
21096,100019
21096,100020
21096,100023
21096,100021
21096,100056
21096,100005
21096,100052
21096,100046
21096,100030
21096,100070
21096,100036
21096,100057
21096,100014
21096,100034
21096,100015
21096,100074
21096,100051
21097,100024
21097,100047
21097,100073
21097,100056
21097,100059
21097,100036
21097,100048
21097,100064
21097,100067
21097,100053
21097,100020
21097,100025
21097,100017
21097,100032
21097,100006
21097,100041
21097,100030
21098,100070
21098,100013
21098,100066
21098,100015
21098,100036
21098,100010
21098,100020
21098,100034
21098,100057
21098,100065
21098,100018
21098,100055
21098,100011
21098,100028
21098,100069
21099,100003
21099,100053
21099,100006
21099,100050
21099,100064
21099,100047
21099,100030
21099,100049
21099,100010
21099,100072
21099,100028
21099,100077
21099,100040
21099,100012
21099,100042
21100,100017
21100,100004
21100,100036
21100,100060
21100,100077
21100,100074
21100,100057
21100,100000
21100,100010
21100,100002
21100,100032
21100,100027
21101,100070
21101,100067
21101,100054
21101,100014
21101,100036
21101,100030
21101,100038
21101,100015
21101,100006
21101,100072
21101,100053
21101,100058
21102,100014
21102,100063
21102,100068
21102,100002
21102,100065
21102,100030
21102,100018
21102,100037
21102,100054
21102,100000
21102,100045
21103,100073
21103,100053
21103,100023
21103,100010
21103,100067
21103,100046
21103,100008
21103,100077
21103,100069
21103,100064
21103,100068
21103,100002
21103,100049
21104,100005
21104,100049
21104,100047
21104,100032
21104,100002
21104,100045
21104,100008
21104,100044
21104,100030
21104,100013
21104,100042
21104,100017
21104,100077
21104,100072
21104,100043
21104,100052
21104,100041
21105,100059
21105,100061
21105,100023
21105,100017
21105,100008
21105,100058
21105,100004
21105,100037
21105,100025
21105,100005
21105,100069
21105,100068
21106,100039
21106,100065
21106,100050
21106,100069
21106,100060
21106,100032
21106,100004
21106,100024
21106,100036
21106,100045
21106,100006
21106,100042
21106,100034
21106,100015
21106,100047
21107,100051
21107,100056
21107,100049
21107,100043
21107,100023
21107,100063
21107,100072
21107,100047
21107,100066
21107,100034
21107,100010
21107,100054
21107,100067
21107,100055
21107,100073
21107,100068
21108,100041
21108,100013
21108,100010
21108,100077
21108,100037
21108,100039
21108,100057
21108,100054
21108,100021
21108,100056
21108,100044
21108,100071
21108,100005
21108,100045
21109,100055
21109,100035
21109,100007
21109,100009
21109,100051
21109,100046
21109,100065
21109,100020
21109,100003
21109,100018
21109,100056
21109,100004
21109,100016
21109,100008
21109,100030
21109,100049
21109,100041
21109,100023
21109,100060
21110,100072
21110,100004
21110,100019
21110,100057
21110,100047
21110,100073
21110,100056
21110,100009
21110,100017
21110,100067
21110,100046
21110,100050
21110,100040
21110,100035
21110,100031
21110,100061
21111,100003
21111,100023
21111,100063
21111,100066
21111,100049
21111,100071
21111,100015
21111,100033
21111,100070
21111,100057
21111,100027
21112,100036
21112,100062
21112,100025
21112,100015
21112,100017
21112,100009
21112,100057
21112,100022
21112,100056
21112,100011
21112,100040
21112,100044
21112,100008
21112,100037
21112,100038
21112,100054
21112,100010
21112,100045
21112,100060
21113,100022
21113,100046
21113,100065
21113,100028
21113,100015
21113,100025
21113,100017
21113,100030
21113,100063
21113,100003
21113,100076
21113,100047
21113,100059
21113,100016
21113,100011
21113,100004
21113,100019
21113,100072
21113,100045
21113,100067
21114,100067
21114,100052
21114,100076
21114,100073
21114,100009
21114,100016
21114,100040
21114,100074
21114,100057
21114,100059
21114,100066
21114,100044
21114,100072
21114,100023
21114,100065
21114,100027
21114,100032
21115,100015
21115,100066
21115,100019
21115,100038
21115,100021
21115,100020
21115,100041
21115,100028
21115,100044
21115,100076
21116,100010
21116,100032
21116,100025
21116,100070
21116,100035
21116,100016
21116,100038
21116,100068
21116,100011
21116,100064
21116,100021
21116,100019
21116,100067
21116,100043
21117,100005
21117,100003
21117,100010
21117,100077
21117,100073
21117,100033
21117,100026
21117,100053
21117,100076
21117,100063
21117,100037
21117,100038
21117,100061
21117,100031
21117,100051
21117,100019
21117,100029
21117,100004
21117,100044
21118,100020
21118,100056
21118,100053
21118,100061
21118,100059
21118,100026
21118,100043
21118,100018
21118,100040
21118,100069
21119,100051
21119,100016
21119,100047
21119,100065
21119,100071
21119,100013
21119,100040
21119,100030
21119,100059
21119,100015
21119,100034
21119,100057
21119,100031
21119,100018
21119,100012
21120,100037
21120,100049
21120,100053
21120,100031
21120,100020
21120,100041
21120,100040
21120,100024
21120,100073
21120,100063
21121,100059
21121,100063
21121,100039
21121,100076
21121,100002
21121,100011
21121,100050
21121,100064
21121,100058
21121,100030
21121,100027
21121,100045
21121,100006
21121,100065
21121,100036
21121,100031
21121,100038
21121,100056
21122,100060
21122,100036
21122,100068
21122,100001
21122,100013
21122,100055
21122,100017
21122,100033
21122,100046
21122,100051
21122,100069
21122,100005
21122,100075
21122,100006
21122,100024
21122,100023
21122,100035
21122,100018
21122,100004
21122,100063
21123,100057
21123,100070
21123,100035
21123,100015
21123,100016
21123,100012
21123,100050
21123,100047
21123,100043
21123,100046
21123,100018
21123,100025
21123,100065
21123,100051
21123,100005
21123,100002
21123,100062
21123,100008
21124,100060
21124,100066
21124,100058
21124,100019
21124,100065
21124,100017
21124,100041
21124,100040
21124,100020
21124,100050
21124,100038
21124,100043
21124,100064
21124,100062
21124,100067
21125,100002
21125,100047
21125,100042
21125,100014
21125,100053
21125,100039
21125,100003
21125,100060
21125,100033
21125,100029
21125,100006
21125,100061
21125,100021
21125,100048
21125,100018
21125,100052
21125,100043
21126,100004
21126,100073
21126,100014
21126,100024
21126,100002
21126,100056
21126,100040
21126,100053
21126,100019
21126,100052
21126,100026
21126,100068
21126,100064
21127,100060
21127,100007
21127,100017
21127,100066
21127,100026
21127,100071
21127,100041
21127,100061
21127,100067
21127,100048
21127,100040
21127,100022
21127,100058
21127,100043
21127,100045
21127,100064
21127,100049
21127,100055
21127,100046
21128,100033
21128,100061
21128,100024
21128,100031
21128,100035
21128,100071
21128,100038
21128,100028
21128,100072
21128,100036
21128,100026
21128,100062
21128,100040
21128,100076
21128,100044
21128,100073
21128,100059
21128,100064
21128,100050
21128,100046
21129,100036
21129,100015
21129,100073
21129,100069
21129,100048
21129,100050
21129,100044
21129,100018
21129,100037
21129,100005
21129,100077
21129,100010
21129,100071
21129,100056
21130,100032
21130,100061
21130,100027
21130,100025
21130,100068
21130,100034
21130,100071
21130,100072
21130,100017
21130,100013
21130,100030
21130,100031
21130,100006
21130,100028
21130,100029
21130,100003
21130,100065
21130,100026
21130,100021
21130,100045
21131,100012
21131,100017
21131,100000
21131,100070
21131,100020
21131,100052
21131,100060
21131,100061
21131,100025
21131,100036
21131,100041
21131,100068
21131,100007
21131,100011
21131,100029
21131,100034
21131,100047
21132,100022
21132,100053
21132,100077
21132,100004
21132,100050
21132,100063
21132,100023
21132,100037
21132,100074
21132,100001
21133,100072
21133,100013
21133,100042
21133,100036
21133,100058
21133,100069
21133,100067
21133,100063
21133,100017
21133,100064
21133,100059
21133,100034
21133,100024
21133,100014
21134,100020
21134,100058
21134,100032
21134,100023
21134,100001
21134,100043
21134,100037
21134,100024
21134,100022
21134,100051
21134,100054
21134,100065
21134,100041
21134,100011
21134,100068
21135,100012
21135,100023
21135,100017
21135,100061
21135,100041
21135,100031
21135,100000
21135,100033
21135,100049
21135,100030
21135,100057
21135,100034
21135,100042
21135,100038
21135,100001
21135,100016
21135,100073
21135,100076
21135,100044
21135,100015
21136,100015
21136,100059
21136,100039
21136,100020
21136,100051
21136,100064
21136,100075
21136,100077
21136,100037
21136,100047
21137,100028
21137,100077
21137,100017
21137,100061
21137,100019
21137,100058
21137,100047
21137,100053
21137,100060
21137,100068
21137,100027
21137,100031
21137,100010
21137,100057
21137,100046
21137,100004
21137,100072
21137,100036
21137,100007
21138,100070
21138,100064
21138,100025
21138,100073
21138,100068
21138,100019
21138,100021
21138,100041
21138,100066
21138,100056
21139,100026
21139,100074
21139,100062
21139,100011
21139,100065
21139,100057
21139,100007
21139,100058
21139,100016
21139,100073
21139,100053
21140,100072
21140,100007
21140,100071
21140,100059
21140,100039
21140,100002
21140,100050
21140,100032
21140,100000
21140,100027
21140,100009
21140,100005
21140,100054
21140,100044
21140,100008
21140,100034
21140,100003
21141,100060
21141,100004
21141,100036
21141,100052
21141,100023
21141,100017
21141,100053
21141,100047
21141,100048
21141,100057
21141,100069
21142,100010
21142,100069
21142,100017
21142,100044
21142,100015
21142,100022
21142,100068
21142,100050
21142,100067
21142,100016
21142,100028
21142,100000
21142,100002
21142,100038
21142,100059
21142,100043
21143,100054
21143,100068
21143,100048
21143,100029
21143,100031
21143,100058
21143,100044
21143,100019
21143,100035
21143,100024
21143,100014
21143,100004
21143,100053
21143,100002
21143,100030
21143,100013
21143,100066
21143,100006
21144,100004
21144,100057
21144,100006
21144,100031
21144,100005
21144,100051
21144,100056
21144,100029
21144,100069
21144,100027
21144,100007
21144,100017
21144,100064
21144,100037
21144,100070
21144,100052
21144,100058
21144,100046
21144,100036
21145,100073
21145,100076
21145,100041
21145,100030
21145,100038
21145,100018
21145,100066
21145,100028
21145,100052
21145,100077
21145,100035
21145,100007
21145,100022
21145,100054
21145,100063
21146,100044
21146,100048
21146,100067
21146,100040
21146,100053
21146,100052
21146,100019
21146,100038
21146,100076
21146,100023
21147,100060
21147,100030
21147,100028
21147,100038
21147,100018
21147,100059
21147,100007
21147,100052
21147,100053
21147,100067
21147,100017
21147,100049
21147,100031
21147,100032
21147,100026
21147,100021
21147,100041
21147,100005
21148,100047
21148,100011
21148,100068
21148,100024
21148,100006
21148,100034
21148,100048
21148,100005
21148,100009
21148,100074
21148,100027
21148,100061
21148,100026
21148,100042
21148,100038
21148,100066
21148,100058
21149,100027
21149,100024
21149,100015
21149,100061
21149,100031
21149,100026
21149,100050
21149,100030
21149,100041
21149,100036
